25880
44040
48315
51998
41563
140
51086
60763
17765
11357
64693
4827
40313
1337
55834
61220
11524
5116
31797
49332
41956
18306
35340
52657
46408
39942
31738
39310
11237
53553
7565
37852
49446
5578
44205
18380
32761
55220
15540
50043
28510
19668
31172
58387
1173
30423
45874
62048
26323
17485
18974
59607
59124
30074
36645
25294
37651
18194
32237
33410
28801
53468
4917
41780
27712
65085
39105
58420
21448
2883
52575
6999
21217
17943
21924
34643
18666
17178
10016
20307
23875
50577
23215
637
14612
59343
61169
35596
12665
57552
57480
29334
2416
31243
44578
39670
11301
31592
59820
18158
53123
9495
6565
12625
8582
9032
38003
40913
55810
10101
36690
39236
31633
43386
43571
21749
33410
61708
23708
25458
21757
57913
52475
10119
11674
38253
32487
51688
30349
16899
36017
39403
14413
45326
43226
41872
51463
20895
15272
25944
53977
10376
39777
57731
58257
32578
37358
35816
62028
14633
19530
47841
56189
42833
3546
37839
37737
10855
59297
56842
24488
52073
34739
36544
33479
36890
29751
14436
30456
53916
40293
11979
48956
30067
50945
10247
61100
55842
29345
20514
21740
63767
31799
13553
41588
37345
49380
3482
16543
56041
57431
49590
19860
23691
23097
43999
33836
15445
3720
32171
33159
28473
4282
26022
5661
23592
3308
50452
46038
63679
27675
26959
49124
26457
23271
34267
4655
27936
46540
9939
20278
36925
14445
45506
61659
28127
43897
25311
47208
32268
59604
49452
13615
27675
38640
25215
59631
52925
22215
19420
4747
3487
41406
59584
4691
54672
51790
18256
52743
37484
64007
44576
10035
63705
54533
3236
489
62552
50534
28603
7478
4569
13317
57857
1911
16069
60888
45708
18436
63934
10768
26144
49863
43164
35853
56619
51861
65296
49146
58984
2462
20220
4498
22756
44422
22323
27762
23185
17289
2897
23731
277
41528
49073
57240
31473
44714
50122
36622
17952
56287
27519
4614
10451
59905
49489
55089
3949
45272
2163
16958
10871
792
2699
23741
38468
59362
8594
16028
3745
19036
32645
9700
10615
44561
25333
13632
58842
40593
30207
7242
2097
13207
19567
18068
25020
46373
58001
20106
18512
54969
45097
16986
54521
8787
44819
10998
2855
38292
62176
19051
33011
35160
47867
46932
6553
14461
25479
37269
38925
27183
9900
47267
24281
18473
10344
4155
24087
30606
63192
21808
40775
27613
12296
54182
55918
15649
53624
64146
14136
15713
19580
32819
41417
9019
37374
14400
41883
63857
8155
47548
22452
35446
46783
52958
5332
46296
51457
26876
43575
52991
13755
27527
21045
59275
20452
16319
46144
32902
6974
26010
49897
12384
43276
28955
58800
268
28940
23760
34641
11565
51205
19983
51759
2567
20735
50358
11274
9347
41188
23103
18986
19615
45660
16833
42538
1863
10524
30634
19362
32495
30010
15246
63093
464
24654
64394
60064
44432
27590
12068
1916
27996
10707
55757
56188
38378
42299
6953
6408
29697
18458
38853
60250
8946
2778
55146
20780
8809
6957
25094
64883
58218
29508
18487
55775
62454
56302
29840
22043
30151
44263
9562
18451
7981
60888
65469
32405
29508
42110
31675
59274
2428
35169
55175
36652
22736
47303
10230
60656
21179
28997
34351
14113
18916
32999
18284
32248
55798
40273
52816
27732
20068
50994
1179
62846
63082
50561
17373
18131
55831
15938
13000
51191
57544
32895
26281
11944
358
33428
58439
62118
61968
14549
37998
11401
48227
20246
34270
61024
61099
37998
15207
57422
65097
26469
4387
46304
3478
2599
61961
23121
13561
40608
38601
34278
52415
18830
31585
55061
63785
36360
47413
49073
60640
51490
19230
9947
21818
733
44769
19590
8324
18332
53084
23806
3581
59180
2893
56658
4868
19743
41383
15692
50638
28035
56479
26528
28058
49494
50143
49055
42963
37809
41760
9074
27103
31703
14554
60538
34380
42258
18230
37805
21084
19557
39940
18288
64556
16658
31133
64041
2803
22736
54865
63111
12161
36569
55519
63137
23628
54936
45624
55288
18271
45908
52849
62980
18077
5785
56228
49634
34110
21257
21720
34283
4437
37208
52209
14819
14108
58740
49093
38456
9893
8896
15740
3244
25794
58311
11801
12571
2781
60517
1365
20472
12285
26976
34089
14335
59672
26006
40209
33667
23734
45124
46015
16940
16305
63707
14809
47089
23338
61551
33463
53263
12413
11947
2341
56494
31676
36056
26661
42101
55744
52590
3795
38977
43284
9569
43370
15165
58971
34585
11121
22699
8850
6437
38835
822
13485
50428
1279
39855
13890
16602
55721
14143
3350
57999
59261
51499
59087
11571
33897
61651
57906
45140
13815
23523
48949
369
15619
21656
65050
26653
45051
32610
54054
5793
47887
34729
53594
21575
41633
48077
4186
61489
52258
29342
53600
19398
6027
49869
37453
44745
26408
13713
62863
52479
14225
62200
40729
6827
30196
38575
60230
61915
25079
45390
20847
37620
47757
41728
2680
44947
60511
19130
47340
43912
40194
12164
60854
54544
6880
43441
26419
1930
48584
59084
20913
745
41708
52813
62873
2715
57343
5543
35242
26719
63206
41366
3158
20301
7699
30614
26449
26837
43941
28360
55664
28032
25228
55826
60923
28073
33850
1985
45792
32660
52765
35804
35399
4217
5041
23551
54442
434
2862
13292
53383
31260
28589
5060
51426
6792
36471
55718
62862
19188
8726
37703
3285
6454
27509
40560
20146
41309
25391
42011
62419
63593
45750
59102
10030
56140
43222
58654
40277
696
18270
30709
8748
32889
49857
2979
4471
18647
47183
23372
12823
23196
3831
62129
15356
30265
61668
13076
59162
8596
52444
28532
35682
46365
33826
1330
30670
18828
14472
58448
28338
48956
60616
27395
28813
29029
58189
38439
51725
60542
23481
33163
26348
43018
45461
55746
48947
3446
38280
60414
26696
16235
390
18807
54392
9099
61245
47354
7028
11330
49426
21877
39394
38151
45454
232
46820
493
42336
43852
26989
20347
2337
41547
65019
29157
18613
9121
50349
26415
12695
38654
28991
54975
44879
7976
8010
9861
47226
64420
48807
47783
38602
32323
39689
11408
35906
2242
18501
31174
65299
43255
22376
11840
2834
60250
18685
6413
36600
28416
31741
10731
27616
41205
47115
10821
53717
57925
4627
24839
44075
47461
36232
7797
52985
45038
5959
14442
41840
9925
29498
47080
9912
59097
61459
13152
64762
4726
15952
25963
46153
35901
34447
39527
40913
1046
51162
12441
44772
55724
